3
16
11
2
9
241828
13
03
12
24
2315
2
2
1
1231
2
2418
9
17
26
17
2
01419
3
14
4
3
2
15
1419
01458141928
4
01734
12
22
8
3
829
1
9
26
17
2324
15
3429
48
07
3036
0
1726
26
020
0478141928
5
712
2
07
48
3
0
0
25
0
0481928
20
17
8
0481428
421
24
0478141928
014
48
048141928
2418
2
20
3439
158
048
0
34
0481419
17
4
1419
4
15
2
1522
08
020
17
0
24
3
0
3
071228
012
0
0
018141928
2
58
7
8
01419
0
0478192833
2
24
06
04
038
2418
051928
08
48
1419
7
42324
2418
0
218
0
2
6
0
2
2
081214192833
41419
2832
8
0
48
01419
014678141928
8
39
8
014
0
25
20
08
7
081928
15
08
0781228
15
814
02478141928
1
2814
0
8
01419
7
0
3
0181428
7
05828
2418
04828
58
0
48
014
0
019
048
15
028
0
0
4
3
1
0
712
10
828
8
0
0
048
15
0
17
3
8
2
24
028
8
0
04
0
7
1419
4
2
0
04781428
08141928
0
2828
25
0
8
8
51419
8
0
01928
08
0
2
014781928
48
01419
8
81419
08
4
01419
15
0
8
17
0
0
028
048
015
2
7
24
48
2
0
8
8
0
0
041928
081419
0828
3
8
01514
0
7
0
068
34
0
8
4
6
15
0
0
7
8
8
8
814
08
8
08
0814
01458
0
8
048
8
15
158
01419
20
0
34
4
28
12
0819
0
081428
7
07
06
07
028
1
2
15
07
07
28
014
0
48
08
4
0
0
48
0
01428
15
48
23
0
019
0
081928
7
01419
0
2418
8
07
08
0781228
0
15
7
7
7
01419
1419
01419
0
0
0
8
8
15
158
4
8
712
028
04818
0242833
4
08
019
7
048
8
7
0
20
8
082833
0
8
15
12
8
014
0
0712
0
8
01419
8
712
8
0
4814
0
8
0819
11
0
8
06
7
7
01419
0
08
0
08
28
8
0
048
8
712
15
0
1
17
0
0481928
0
15
34
0828
08
048141928
0
0
4
8
712
07
8
028
7
08
7
7
0
0
2
08
0
0
0
8
481430
01419
0
7
8
028
158
7
7
8
0828
712
0
58
019
08
4
158
0814
17
23
0
15
8
01419
0
041928
01419
7
7
0
8
7
0
0
0
01419
0181928
712
0
020
34
08
0
0
0
014
8
7
8
0
158
15
0828
8
4
48
712
8
71228
8
014
7
7
8
8
0
018
6
2833
0
218
0
0
4
0
0
1419
01419
0
3036
08
08
019
8
08
081928
48
8
2
712
0
248
0
024121428
712
8
0
01419
0
0
15
8
0
7
0
5
028
014
0
1419
01419
08
08
4
07
014
7
0
0
01419
0
17
06
0
0
43036
712
0
0
8
7
349
014
15
01928
0
8
12
8
15
15
33
0241928
48
06
08
04
028
0
8
15
7
01419
014
8
48
0
0
2
06
6
0
828
0
01419
8
17
01928
81419
0141920
7
0
8
019
7
8
15
0
0
08
58
0
8
028
01419
2
014728
0
08
02428
712
028
2
0
2418
0
0
7
8
0
15
081419
0
0
078
0
0
26
7
014
01
12
08
5
8
0
7
4
0
028
0
0141928
4
7
15
1
0
0
0
7
0
1
01428
6
8
4
712
0
0
7
1436
019
0
2418
014
34
0
08
0
08
0
1419
7
4
58
2
014
0
0
0
08
7
23
0
4
0581419
158
07
0
028
0
014
48
0828
0
0
0
7
7
8
8
4
7
33
7
0
7
4
0
7
4
1419
7
8
7
32
15
0
0
7
0
0
7
0
8
08
81419
20
8
33
0
15
0
712
028
028
0
4
8
0
08
8
15
43036
15
7
028
8
7
019
15
01428
0
0
0
08
8
7
7
7
8
0
0
0
0
0
0
0
34
0
0
06
7
15
0
4
0
35
8
158
8
01428
0
418
0
0
0
15
712
08
08
019
0
0
0
028
15
58
0
08
0
0
712
0
0
1419
58
019
7
7
4
15
0
4
7
158
8
071228
0
7
08
15
0
15
0
0
8
0
014192833
08
7
0828
7
11
15
2
8
712
7
0
7
0
1419
0
1419
15
8
7
8
0
01419
0
019
0828
15
0
814
0
15
0
0
0
08
06
01419
0
4
4
8
15
081928
04
081928
7
014
8
0
4
08
0
0
7
01928
028
04
7
7
0
08
0
08
712
712
7
8
15
0
15
1419
01419
4
7
0
0514
0828
214
7
7
712
01419
158
0
5
0
0
8
0
7
6
1419
07121428
0814
8
0
0
08
27
7
8
014
0
12
0
7
0
8
048
0
7
0
01428
5
14
6
33
08
8
014
15
15
8
7
028
4
0141428
0
08
12
81419
0
01428
7
26
8
0
4
0
08
8
7
01419
1419
1514
0
0828
4
014
014
0828
0
0
4
0
1419
0428
5
7
7
0
1419
7
8
0
7
1419
0
0
0
081428
01928
0
712
4
08
51419
12
0
0
01419
0
71228
0
528
7
15
48
15
7
0
1419
08
1419
7
6
0
0
01928
0
7
0
0
0
8
0
248
4
0
8
7
0
8
0
1
712
1419
0814
01419
1419
1419
081419
7
0
0
0
7
8
0
0
2
22
8
7
7
4
0
8
0
0828
7
0
05192833
0
06
7
7
15
8
15
7
08
0
8
0
48
33
0
0
28
01419
7
014
0
36
7
019
0
04829
0
36
23
158
014
1419
06
15
712
0
014
0
0828
8
8
01419
158
0
7
7
0
8
0
15
8
15
041928
01514
15
15
0
7
15
12
07121428
6
0
08
15
8
15
7
8
7
0
0
0
7
0
15
7
0
7
7
0819
8
12
6
1419
0
8
6
014
0828
1419
8
1419
0
8
7
014
5
8
712
8
7
8
712
15
0
8
8
0
7
158
01419
1419
7
01419
0
12
7
1
7
0
4
028
33
14
7
6
7
48
8
7
8
014
0
9
4
158
4
7
0
0
028
7
0
0
4
0
0
0
0
12
8
7
1419
0
0
0
014
8
0
15
7
4
15
15
4
0
0
01419
4
028
2
15
0
1
4
8
49
0
0
4
158
7
0
7
7
0
0
07828
0
0
01419
8
08
0
08
7
0
7
1419
0
0
1419
6
0
0
0
0
7
0
0
5
0
0
068
4
158
0
014
0414
8
0
0
01419
06
48
04
08
0
7
7
0
0
0
08
028
014
08
712
15
0
0
8
0
712
712
33
4
24
0
0
7
4
014
028
7
028
15
7
0
712
7
7
1419
7
7
15
1419
12
08
8
01928
0
33
0
7
0
7
8
7
4
01514
028
0
7
12
12
01419
7
0128
7
34
7
01419
06
0
25
0
0
019
8
014
7
014
0
7
0
014
15
8
728
15
33
028
01519
0
7
0
0
0
4
7
4
58
0
0
158
15
4
02833
028
0828
158
7
8
8
7
0
5
028
4
0
0
01428
014
7
15
014
712
8
0
0
0
0
158
15
08
6
0
028
7
0
1419
0828
0
6
8
15
15
15
0828
8
028
1419
01419
0
0
0
0
028
8
8
0
0
4
7
158
0
028
2
7
7
08
8
06
8
0
0
6
8
014
1
1419
0
0
7
08
0
15
15
01419
7
0
7
7
68
0
8
0
0
34
0428
06
34
7
0
2
0
58
0
0
7
0
0
0
0
15
158
0
15
0
01419
4
0
08
8
08
7
0828
0
4
8
7
12
15
0
0
7
0
014
06
0
0828
15
7
0
0
081928
15
8
7
8
0
0
01419
014
7828
6
15
7
8
7
0
014
014
019
0128
1419
8
28
0728
0
06
8
0
728
0
0
6
0
2832
7
0
0
014
15
0
0
8
0
4
4
0
8
4
7
58
1419
019
0
34
0
01928
08
7
0
0
028
32833
028
0
7
08
0
01419
158
0828
8
08
728
014
0
8
08
8
0
34
0
0
0
8
0712
15
36
23
15
1419
7
0
0
8
4
0
7
8
0
8
1
06
7
7
7
0
0
8
0
019
0
4
0
12
8
5
0
0
0
01514
01419
0
7
7
0
781228
0
7
8
7
8
15
0828
8
8
0
028
0
0
712
8
0
6
0
1419
712
0
158
8
028
0
12
419
0
15
4
028
7
12
0
0
0
1419
8
8
028
712
014
7
15
0
0
08
15
7
33
0
6
014
0
0
0128
01419
1419
15
7
8
12
6
0
0
0
7
7
0
7
15
15
7
14
15
7
8
0
8
8
01419
3238
0
07
34
15
7
0
4
0
15
4
2
08
8
712
8
0
7
014
1
15
014
712
0819
01219
041928
0
68
8
8
0
7
014
0
028
728
0
0141928
15
0
8
12
8
01419
014
7
8
6
08
8
0
12
8
0
36
0
7
8
0814
0
0
08
0
06
028
0
0
8
0
39
8
28
8
33
7
1419
01419
0
15
07828
0
0
5
028
0
0
0
8
15
4
8
7
158
4
8
1419
158
12
7
0
4
0
08
01419
08
15
0
158
28
0
08
028
0
158
05
06
7
08
8
0
0
4
7
0
0
7
6
0
0828
019
028
0
0
0
0828
0
7
0
0
0
014
0
028
0
8
8
8
0
0
0
0
0
14
08
8
0
7
068
4
7
028
078
15
24
01428
6
0
0828
7
2
8
028
8
0712
15
8
071228
7
0
06
0
2
8
0
7
7
0
0
0
0
06
0
01428
014
7
0
0
0
0
4
58
7
8
0
0
158
0
7
58
7
0
15
15
014
7
0
12
7
0428
8
0712
8
014
712
0
1419
0
12
0
15
4
5
6
0
0
06
08
01428
4
8
158
0
0
4
0
0
0
15
0
01419
028
028
15
0
0
8
08
08
7
0
0
7
6
8
15
0
8
06
0
028
8
7
0
0
8
8
17
028
8
0
7
828
7
07
8
0
8
8
7
158
0
0
15
414
0
0
0
33
12
6
0
0
8
0
0
36
8
7
6
028
15
712
0
15
0828
7
8
028
7
028
8
08
0828
0
4
08
71228
0
15
7
0
06
0
0
0
0
0
0
0
0
8
7
15
0
15
0
0
014
014
0
0
05
7
4
0
4
1419
6
15
019
8
15
0
4
0
6
8
7
7
01
0
7
15
8
0828
1
07
8
7
36
15
0814
08
0
1
7
0
7
014
6
15
0
0
06
8
7
0
0
0
7
0
1419
6
0
712
08
0819
8
8
2
08
7
0
0
01928
8
8
8
8
0
0
06
8
028
2
0828
712
7
028
8
1419
0
1
5
1
8
019
15
28
028
7
7
019
4
158
728
0
8
0
7
15
0
8
1419
712
028
0
0
0
12
8
01428
0
7
8
7
014
8
36
8
028
028
0
15
7
0
7
0
15
0
028
0
0
01419
0
0
7
0
0
12
7
08
15
0
7
028
15
7
7
081419
0
0
15
12
0
328
7
0
6
15
7
7
7
1
7
0828
7
8
1419
14
15
0
14
12
4
4
0
7
48
08
0
1419
06
0
06
0
12
7
7
0
068
15
158
08
028
7
15
0
0
15
0
0
712
7
4
0
4
8
7
7
08
7
0
0
32
15
15
15
0
0
0
8
0
0
158
1419
8
0
15
0
7
8
0
0
15
01928
0
328
12
712
0
028
0
7
15
15
08
714
712
7
01419
0
14
0
8
8
8
7
8
7
1419
68
0
0
028
0828
08
04
7
15
4
0
7
15
7
7
8
8
15
0
0
0
0
15
7
014
7
08
15
8
7
0
14
7
6
14
8
0
014
828
0
7
1419
0
08
7
4
7
8
4
028
15
6
0
028
01419
0
5
15
4
6
7
0
8
6
8
4
6
15
15
15
7
0
01
15
712
0
0
7
814
06
12
15
01419
014
014
712
0
0
8
028
814
0
7
4
0
712
0
7
0
8
0
8
08
8
0
0
8
4
15
15
0
014
0
8
0
0
014
028
0
0
0
4
06
15
0
8
0828
8
8
7
0
0
028
7
019
0
7
8
0
0
0
0
04
4
158
0
15
08
712
0
1419
08
08
7
0141928
2
8
0
728
04
0
0
712
728
028
0
8
1419
7
7
5
0
114
028
0
5
0
028
0
8
08
7
1
0
0
8
0
7
20
08
0
0
014
0
0
0
0
0
0
0
71228
14
08
8
0
0
014
08
0
7
0
15
0
19
7
0
8
8
6
12
158
712
18
0
0
0
0
6
0
015
01419
014
0828
712
6
0
1419
014
1
028
8
0
14
7
12
6
15
0
12
0
6
5
014
19
7
0
1
6
58
014
0
15
7
7
0
8
028
15
23
8
8
0
48
15
028
0
1419
014
15
0
14
0
8
0
0
08
7
8
028
028
0
028
15
0
1419
15
8
0
5
15
08
4
15
7
4
7
7
7
8
1
0
0
4
7
7
0
8
0
0
0
0
7
7
8
8
0
028
6
0
0
12
15
7
0
14
0
12
06
12
8
0
728
6
8
0
014
0
0
028
28
028
0
028
0
0
0
8
158
0
4
0
15
8
08
15
0
0
0
7
014
01928
0
0
028
728
0
0828
0828
14
06
7
7
0
7
7
028
0
0
0
8
5
8
0
7
28
0
019
0
01428
0
1419
15
04714
81419
0
028
8
028
7
07
0
17
8
8
4
7
7
07
828
8
7
06
7
01428
0
0
28
0
158
0
28
28
8
0
0828
4
15
8
68
0
028
4
8
5
0
0
08
019
712
8
8
1419
0
7
58
019
28
01819
014
028
0
7
828
0
028
15
048
014
6
4
4
8
0
8
4
7
4
1419
07
18
7
8
0
7
0
08
7
15
0
0
0
0
0
06
0
0
08
8
58
0
1419
12
8
58
0
4
7
7
0
8
15
712
0
0
0
06
8
06
01419
0
0
028
028
1
0
4
0
6
0
0828
8
7
0
7
8
4
7
7
4
0
7
0
8
4
4
0
0
8
15
08
0
1419
014
28
8
0
06
12
0
8
0
0
15
8
7
4
15
712
7
8
4
0
58
7
5
0
08
028
7
7
15
12
0
0
0
7
8
0
7
7
158
1419
7
15
7
0
07
4
0
0714
028
8
0
0
0
5
8
32
7
0
7
7
028
1419
028
8
1419
7
7
36
0
01419
48
0
12
01528
8
4
014
0
0
8
4
6
028
5
4
5
8
7
0
7
8
1419
0
8
15
0
014
0428
58
7
828
7
0
4
0
0428
0
0
0
0
028
0
712
028
0
08
6
0
0
0
7
7
0
014
1
828
15
14
0
08
712
1419
0
8
0428
0
15
1419
15
6
15
028
8
728
0
0
8
0
828
0
8
7
0
014
0
7
0
8
7
15
0
0
08
0
0
0
0
0
68
014
0
07
08
12
7
0
6
0
12
6
7
0
15
0
0
1419
014
0
0
15
0
0
4
7
1928
7
0
8
15
0
0
0
0
7
7
0
0219
0
7
0
7
08
0
7
0
0
0
8
15
0
0
7
8
5
0
6
58
8
8
0
4
1419
1419
15
1419
7
08
8
6
0
0
7
8
0
014
68
028
814
5
0
7
12
8
0
8
8
0
0
07
028
028
0
5
0
0
7
5
0
7
7
7
0
5
1419
15
71428
0
028
1419
0
5
15
0
8
7
14
8
28
7
0
7
7
8
7
12
5
1419
7
14
8
15
7
8
8
0
7
5
19
0
014
5
0
8
7
7
0
8
8
7
1419
0
08
0
7
14
158
5
0
6
7
014
0
5
14
0
7
8
828
014
0
8
1419
5
7
14
12
14
15
0
712
7
5
7
0428
8
28
0
8
0
0
0
0
7
0
7
36
0
019
15
028
1
04
01419
4
0
028
1828
08
712
7
06
8
7
12
0
0
5
06
7
1419
0
028
0
0
5
0
01928
14
06
0
05
8
12
0
7
15
0
0
81928
8
0
828
0
08
0
15
0
15
1419
58
7
0
14
8
8
712
0
4
7
8
14
0
0
8
0
8
7
7
6
8
0
08
0
028
0828
0528
0
8
0
6
0
8
114
0
14
0
0
028
014
7
0
41928
436
78
028
0
0
712
028
8
712
0
08
0
8
028
0
0
7
5
0
7
0
01419
0
7
0828
0
0
0
0
08
0
8
0
712
8
0
7
7
4
028
7
8
4
4
48
0
028
0
8
428
8
8
8
019
5
8
0
0819
8
1419
7
7
7
15
0
0
0
0
0
0
0
0
0
07
0
7
0
06
08
0
8
5
0
5
6
8
8
028
0
4
0
0828
1419
15
0
0
0
0
0
7
028
1419
0
8
0
08
15
0
8
0
8
06
8
0
8
7
0
15
58
0
7
0
0
1419
7
7
0
01419
15
6
0
58
8
7
5
0
7
8
014
8
0
0
0
7
0
15
0
5
0
7
0
1419
6
8
6
8
15
12
6
7
06
0
1419
1
12
0
15
158
0
12
7
7
0
0
7
0
8
0
8
7
0
0
0
0
0
0119
15
12
0
7
7
14
0
12
6
7
4
7
028
014
0
06
5
019
8
0
0
4
7
06
0
0
8
028
0
028
8
07
7
0
8
014
028
0
0
7
8
8
0
5
0
0
0
6
8
06
1419
0
8
7
0
8
4
8
0
028
0
0
7
1419
7
0
0
8
0
0
0
4
4
158
028
0
712
019
0
7
06
08
0
0
7
0
019
7
0
0
0
7
0
1
0
7
7
06
7
4
712
8
0
14
7
8
8
28
9
8
7
0
8
8
32
0
7
4
014
8
014
7
6
14
0
7
7
0
15
25
25
0
8
0
08
36
26
0
0
3137
0
0
0
8
15
12
14
1419
7
15
14
0
0
15
0
8
0
028
7
0
0
7
7
7
15
1
7
0
4
58
8
028
0828
028
7
15
8
0
7
7
0
028
0
0
0
6
0
1419
12
14
0
0
028
028
7
0
0
0
4
6
0
0828
1419
0
028
4
1419
7
1
5
5
819
12
0
0
8
0
0
7
5
014
7
0
8
8
0
7
0
8
7
1
0
4
0
019
8
6
7
12
8
6
2
0
028
8
23
34
0
0
7
5
8
0
019
7
0
01928
7
0
7
0
7
0
8
8
5
0
0
0
14
7
0
5
0
07
7
14
7
8
0
028
7
7
0
0
0
7
0
1419
7
01
06
6
028
0
0
0
15
7
0
0
1
712
7
0
0
0
7
028
028
7
0
07
0
0
7
5
0828
0
28
0428
18
23
7
0
0
0
8
6
4
7
0
08
7
14
7
08
8
0
15
7
6
0
0
5
8
0
0
7
4
15
0
4
068
1
15
7
7
1419
68
0
0
14
7
019
36
14
8
0
7
0
68
5
0
048
7
0
0
12
0
0
0
0
0
7
0
1228
0
7
15
7
8
0
6
0
4
0
7
028
0
0
6
028
12
0
0
0
7
8
0
1419
7
12
28
8
5
0
7
0
0
7
7
0
0
6
0
6
14
019
712
14
14
0
014
0
0
0
1419
7
0
0
028
4
0
6
07
0
6
0
7
36
8
0
0
5
8
8
028
0728
02
0
1419
8
0
0
6
1419
0
8
228
0
0
8
0
7
0
0
8
8
7
5
6
0
8
8
8
28
158
0
14
7
6
0
8
58
08
1
6
14
14
7
8
8
712
7
14
0
7
7
1419
8
0
8
7
712
18
7
0
7
7
6
0
014
8
5
0
728
0
7
0
07
68
014
0
0
12
0
0
4
6
7
08
8
08
0
08
0
028
028
4
8
0
0
0
0
0
0
014
4
0
0
028
28
014
07
0
8
7
1928
7
0
7
0
8
0
07
4
5
5
7
0
7
14
1419
8
8
0
0
0
1419
0
0
8
7
7
0
0
0
7
6
0
8
0
0
0
8
0
7
0
0
7
5
8
0
8
7
028
028
0
8
8
48
0
0
8
0
8
1419
8
7
0
0
14
12
7
8
0
18
4
12
7
0
7
0
8
18
0
2
0
0
0
7
8
8
7
014
8
6
7
0828
0
8
7
28
728
0
8
0
7
028
712
71228
0
0
028
0
028
0819
28
8
12
1428
15
0
7
0
0
0
028
7
7
06
0
5
15
1
712
12
8
0
028
7
0
0
028
01
01
5
0
0
7
014
1
0
7
0
23
6
8
7
028
12
028
0
5
0
028
0
0
7
7
8
028
028
28
8
04
0
7
12
712
028
12
0
0
028
028
7
0
7
0
08
08
8
7
028
0
7
0
028
0
0
7
0
78
0
0
5
8
0
02833
0
28
028
8
5
7
8
0828
0
4
7
8
7
0
8
8
8
0
028
5
07
014
7
8
728
4
7
4
0
28
0
0
8
7
7
14
7
12
08
7
8
6
7
7
0
0
028
15
0
7
12
8
8
08
6
8
58
6
0
28
7
8
20
7
08
0
14
7
06
08
0
0
7
0
1419
0
0
8
8
0
8
0
12
01419
4
8
0
7
4
7
7
728
1419
0
7
0
712
89
7
0
8
728
0
0
15
4
58
7
06
0
0
0
0
15
0
7
8
19
8
0
0
0
14
12
6
0
7
0
712
0
0
08
8
0
0
014
0
12
06
0
0
8
12
0
1
6
7
0
8
158
7
5
6
0
8
8
0
0
01419
0
5
0
0
5
4
14
7
0
4
7
14
028
712
014
0
7
0
028
1419
12
0
15
0
6
5
6
0
7
6
0
1419
0
14
15
712
0
158
14
7
0
1419
15
0
5
019
158
14
0
1
8
1
6
014
0
0
8
14
0
12
0
7
0
7
5
5
0
028
0
028
028
6
7
7
0
7
028
0
0
7
8
0
028
1228
0
028
0
8
0
7
0
0819
1
7
7
7
0
8
0
019
0
0
5
4
6
4
04
0
58
0
0
58
15
4
1419
08
7
8
0
0
8
7
0
08
4
7
8
8
028
0
8
5
1419
8
0
028
0
15
15
8
028
0
15
0
7
0
0
1
7
4
1
4
14
12
0
0
8
0
019
12
8
014
15
0
14
7
0
712
0
0
0
8
028
0
0
07
28
8
8
7
7
0
0
0
0
0
4
4
34
28
8
17
7
0
0419
5
0
014
0
8
58
1419
0
02
1419
15
712
0
0
12
0
12
7
58
0
8
7
8
0
0
0
0
4
0
8
8
12
15
8
4
0
15
0
0
028
028
028
0
12
1419
6
7
7
8
0
7
7
8
7
7
15
014
7
0
019
12
0
7
08
0
019
0
0
8
8
2
0
4
71228
0
7
15
7
0
7
7
08
0
28
01434
01928
